301, 146
312, 145
325, 148
291, 149
336, 151
282, 153
273, 157
347, 157
264, 161
206, 163
218, 164
255, 164
358, 164
374, 164
394, 164
191, 165
230, 166
244, 166
324, 166
336, 166
348, 165
413, 166
299, 168
311, 167
286, 169
426, 170
179, 171
260, 172
273, 171
246, 175
439, 176
233, 177
169, 179
223, 179
212, 181
201, 183
449, 183
189, 185
161, 187
178, 188
167, 190
455, 190
156, 192
144, 196
458, 197
95, 199
104, 199
113, 199
130, 200
452, 200
86, 201
156, 202
78, 204
118, 203
149, 203
164, 203
172, 204
447, 204
109, 206
142, 205
181, 206
458, 205
462, 206
136, 208
190, 207
365, 208
437, 208
441, 207
75, 209
84, 209
94, 210
201, 209
369, 210
431, 210
448, 210
41, 212
51, 211
66, 211
213, 212
375, 212
439, 213
457, 212
28, 214
130, 213
223, 214
381, 213
387, 214
396, 214
404, 214
408, 213
22, 216
391, 215
449, 216
463, 216
237, 217
374, 218
382, 218
432, 218
457, 217
18, 220
126, 220
250, 220
368, 220
405, 220
439, 219
261, 222
391, 221
376, 224
382, 224
434, 223
449, 223
21, 225
404, 226
462, 225
26, 228
126, 227
390, 228
437, 228
443, 227
100, 229
31, 231
94, 231
110, 231
370, 232
379, 231
40, 233
51, 233
64, 233
76, 233
85, 233
119, 233
126, 234
401, 234
458, 234
381, 236
392, 236
132, 239
137, 244
453, 243
258, 245
143, 248
239, 248
248, 247
229, 250
234, 250
447, 249
152, 251
218, 251
244, 252
162, 253
171, 254
181, 254
192, 254
205, 253
255, 253
439, 254
266, 255
278, 256
292, 258
431, 258
305, 260
318, 260
172, 261
330, 261
342, 261
355, 262
421, 261
372, 263
386, 264
399, 264
411, 263
360, 266
169, 271
362, 273
357, 278
170, 279
364, 279
340, 282
349, 281
174, 285
365, 285
180, 288
335, 288
187, 290
215, 289
176, 291
194, 291
200, 292
208, 292
223, 294
281, 294
328, 293
365, 293
179, 296
276, 296
291, 296
322, 296
231, 297
299, 298
307, 298
315, 298
240, 299
249, 300
258, 300
267, 299
364, 301
179, 304
360, 308
183, 310
352, 312
189, 316
344, 316
212, 318
195, 319
202, 322
215, 322
277, 321
340, 322
210, 323
282, 324
221, 325
226, 327
278, 328
334, 328
231, 330
273, 330
288, 329
237, 331
243, 332
295, 331
303, 332
310, 332
318, 332
326, 331
250, 333
258, 333
265, 333